+1 1789473272 1
+1 1789473272 1
+1 1789473272 1
+1 1789473272 1
+1 1789473272 1
+1 1789473272 1
+1 1789473272 1
+1 1789473272 1
+1 1789473272 1
+1 1789473272 1
+1 1789473272 1
+1 1789473272 1
+1 1789473272 1
+1 1789473272 1
+1 1789473272 1
+1 1789473272 1
+1 1789473273 1
+1 1789473273 1
+1 1789473273 1
+1 1789473273 1
+1 1789473273 1
+1 1789473273 1
+1 1789473273 1
+1 1789473273 1
+1 1789473273 1
+1 1789473273 1
+1 1789473273 1
+1 1789473273 1
+1 1789473273 1
+1 1789473273 1
+1 1789473273 1
+1 1789473273 1
+1 1789473273 1
+1 1789473273 1
+1 1789473273 1
+1 1789473273 1
+1 1789473273 1
+1 1789473273 1
+1 1789473273 1
+1 1789473273 1
+1 1789473273 1
+1 1789473273 1
+1 1789473273 1
+1 1789473274 1
+1 1789473274 1
+1 1789473274 1
+1 1789473274 1
+1 1789473274 1
+1 1789473274 1
+1 1789473274 1
+1 1789473274 1
+1 1789473274 1
+1 1789473274 1
+1 1789473274 1
+1 1789473274 1
+1 1789473274 1
+1 1789473274 1
+1 1789473274 1
+1 1789473274 1
+1 1789473274 1
+1 1789473274 1
+1 1789473274 1
-1 1789473803 0
+1 1789473803 1
-1 1789473831 0
+1 1789473831 1
-1 1789474002 0
+1 1789474002 1
-1 1789474053 0
+1 1789474053 1
-1 1789474067 0
+1 1789474067 1
-1 1789474105 0
+1 1789474105 1
-1 1789474169 0
+1 1789474169 1
-1 1789474174 0
+1 1789474174 1
-1 1789474228 0
+1 1789474228 1
-1 1789474246 0
+1 1789474246 1
-1 1789474288 0
+1 1789474288 1
-1 1789474309 0
+1 1789474309 1
-1 1789474309 0
+1 1789474310 1
-1 1789474317 0
+1 1789474317 1
-1 1789474327 0
+1 1789474328 1
-1 1789474339 0
+1 1789474339 1
-1 1789474371 0
+1 1789474371 1
-1 1789474402 0
+1 1789474402 1
-1 1789474437 0
+1 1789474437 1
-1 1789474536 0
+1 1789474536 1
-1 1789474615 0
+1 1789474615 1
-1 1789474687 0
+1 1789474687 1
-1 1789474702 0
+1 1789474702 1
-1 1789474711 0
+1 1789474711 1
-1 1789474796 0
+1 1789474796 1
-1 1789474824 0
+1 1789474824 1
-1 1789474830 0
+1 1789474831 1
-1 1789474831 0
+1 1789474831 1
-1 1789474839 0
+1 1789474839 1
-1 1789474848 0
+1 1789474848 1
-1 1789474968 0
+1 1789474968 1
-1 1789475023 0
+1 1789475023 1
-1 1789475029 0
+1 1789475029 1
-1 1789475043 0
+1 1789475043 1
-1 1789475081 0
+1 1789475081 1
-1 1789475099 0
+1 1789475099 1
-1 1789475161 0
+1 1789475161 1
-1 1789475185 0
+1 1789475185 1
-1 1789475191 0
+1 1789475191 1
-1 1789475197 0
+1 1789475197 1
-1 1789475213 0
+1 1789475213 1
-1 1789475318 0
+1 1789475318 1
-1 1789475348 0
+1 1789475348 1
-1 1789475375 0
+1 1789475375 1
-1 1789475391 0
+1 1789475391 1
-1 1789475435 0
+1 1789475436 1
-1 1789475449 0
+1 1789475449 1
-1 1789475458 0
+1 1789475458 1
-1 1789475481 0
+1 1789475481 1
-1 1789475513 0
+1 1789475513 1
-1 1789475648 0
+1 1789475648 1
-1 1789475707 0
+1 1789475707 1
-1 1789475719 0
+1 1789475719 1
-1 1789475728 0
+1 1789475728 1
-1 1789475775 0
+1 1789475775 1
-1 1789475811 0
+1 1789475811 1
-1 1789475898 0
+1 1789475898 1
-1 1789475917 0
+1 1789475917 1
-1 1789475922 0
+1 1789475922 1
-1 1789476007 0
+1 1789476007 1
-1 1789476081 0
+1 1789476082 1
-1 1789476105 0
+1 1789476105 1
-1 1789476153 0
+1 1789476153 1
-1 1789476157 0
+1 1789476157 1
-1 1789476162 0
+1 1789476162 1
-1 1789476190 0
+1 1789476190 1
-1 1789476209 0
+1 1789476209 1
-1 1789476225 0
+1 1789476225 1
-1 1789476239 0
+1 1789476239 1
-1 1789476251 0
+1 1789476251 1
-1 1789476275 0
+1 1789476276 1
-1 1789476331 0
+1 1789476331 1
-1 1789476335 0
+1 1789476335 1
-1 1789476458 0
-1 1789476458 0
+1 1789476458 1
+1 1789476458 1
-1 1789476483 0
+1 1789476483 1
-1 1789476516 0
+1 1789476516 1
-1 1789476540 0
+1 1789476540 1
-1 1789476553 0
+1 1789476554 1
-1 1789476598 0
+1 1789476598 1
-1 1789476620 0
+1 1789476620 1
-1 1789476637 0
+1 1789476637 1
-1 1789476661 0
+1 1789476662 1
-1 1789476695 0
+1 1789476695 1
-1 1789476695 0
+1 1789476696 1
-1 1789476859 0
+1 1789476859 1
-1 1789476940 0
+1 1789476940 1
-1 1789476985 0
+1 1789476985 1
-1 1789477068 0
+1 1789477068 1
-1 1789477100 0
+1 1789477100 1
-1 1789477122 0
+1 1789477122 1
-1 1789477124 0
+1 1789477124 1
-1 1789477274 0
+1 1789477274 1
-1 1789477303 0
+1 1789477303 1
-1 1789477426 0
+1 1789477426 1
-1 1789477438 0
+1 1789477438 1
-1 1789477503 0
+1 1789477503 1
-1 1789477702 0
+1 1789477702 1
-1 1789477842 0
+1 1789477842 1
-1 1789477948 0
+1 1789477948 1
-1 1789477973 0
+1 1789477973 1
-1 1789477982 0
+1 1789477983 1
-1 1789477983 0
+1 1789477983 1
-1 1789478000 0
+1 1789478000 1
-1 1789478109 0
+1 1789478110 1
-1 1789478175 0
+1 1789478175 1
-1 1789478253 0
+1 1789478253 1
-1 1789478277 0
+1 1789478277 1
-1 1789478298 0
+1 1789478298 1
-1 1789478529 0
+1 1789478529 1
-1 1789478615 0
+1 1789478615 1
-1 1789478732 0
+1 1789478733 1
-1 1789478740 0
+1 1789478740 1
-1 1789478805 0
+1 1789478805 1
-1 1789478819 0
+1 1789478819 1
-1 1789478910 0
+1 1789478910 1
-1 1789478954 0
+1 1789478955 1
-1 1789478957 0
+1 1789478957 1
-1 1789478963 0
+1 1789478964 1
-1 1789478983 0
+1 1789478983 1
-1 1789479074 0
+1 1789479074 1
-1 1789479188 0
+1 1789479188 1
-1 1789479306 0
+1 1789479306 1
-1 1789479316 0
+1 1789479316 1
-1 1789479320 0
+1 1789479321 1
-1 1789479621 0
+1 1789479621 1
-1 1789479647 0
+1 1789479647 1
-1 1789479672 0
+1 1789479672 1
-1 1789479691 0
+1 1789479691 1
-1 1789479877 0
+1 1789479877 1
-1 1789479975 0
+1 1789479975 1
-1 1789480288 0
+1 1789480288 1
-1 1789480311 0
+1 1789480311 1
-1 1789480381 0
+1 1789480381 1
-1 1789480406 0
+1 1789480406 1
-1 1789480533 0
+1 1789480533 1
-1 1789480616 0
+1 1789480616 1
-1 1789480681 0
+1 1789480681 1
-1 1789480686 0
+1 1789480686 1
-1 1789480731 0
+1 1789480731 1
-1 1789480752 0
+1 1789480752 1
-1 1789480786 0
+1 1789480786 1
-1 1789480795 0
+1 1789480795 1
-1 1789480803 0
+1 1789480803 1
-1 1789480868 0
+1 1789480868 1
-1 1789480935 0
+1 1789480935 1
-1 1789480978 0
+1 1789480978 1
-1 1789481018 0
+1 1789481018 1
-1 1789481024 0
+1 1789481024 1
-1 1789481092 0
+1 1789481092 1
-1 1789481097 0
+1 1789481097 1
-1 1789481100 0
+1 1789481100 1
-1 1789481163 0
+1 1789481163 1
-1 1789481169 0
+1 1789481169 1
-1 1789481176 0
+1 1789481176 1
-1 1789481264 0
+1 1789481264 1
-1 1789481285 0
+1 1789481285 1
-1 1789481364 0
+1 1789481364 1
-1 1789481385 0
+1 1789481385 1
-1 1789481392 0
+1 1789481392 1
-1 1789481397 0
+1 1789481397 1
-1 1789481405 0
+1 1789481405 1
-1 1789481433 0
+1 1789481433 1
-1 1789481437 0
+1 1789481437 1
-1 1789481450 0
+1 1789481450 1
-1 1789481452 0
+1 1789481452 1
-1 1789481468 0
+1 1789481468 1
-1 1789481476 0
+1 1789481476 1
-1 1789481505 0
+1 1789481505 1
-1 1789481554 0
+1 1789481554 1
-1 1789481564 0
+1 1789481564 1
-1 1789481611 0
+1 1789481612 1
-1 1789481617 0
+1 1789481617 1
-1 1789481627 0
+1 1789481627 1
-1 1789481646 0
+1 1789481646 1
-1 1789481651 0
+1 1789481651 1
-1 1789481653 0
+1 1789481653 1
-1 1789481653 0
+1 1789481653 1
-1 1789481667 0
+1 1789481667 1
-1 1789481695 0
+1 1789481695 1
-1 1789481712 0
+1 1789481712 1
-1 1789481730 0
+1 1789481730 1
-1 1789481748 0
+1 1789481748 1
-1 1789481793 0
+1 1789481793 1
-1 1789481797 0
+1 1789481797 1
-1 1789481883 0
+1 1789481883 1
-1 1789481913 0
+1 1789481913 1
-1 1789481920 0
+1 1789481920 1
-1 1789481927 0
+1 1789481927 1
-1 1789481951 0
+1 1789481951 1
-1 1789481978 0
+1 1789481979 1
-1 1789481987 0
+1 1789481988 1
-1 1789481991 0
+1 1789481991 1
-1 1789482011 0
+1 1789482012 1
-1 1789482068 0
-1 1789482068 0
+1 1789482068 1
+1 1789482068 1
-1 1789482072 0
+1 1789482072 1
-1 1789482143 0
+1 1789482143 1
-1 1789482161 0
+1 1789482161 1
-1 1789482169 0
+1 1789482169 1
-1 1789482184 0
+1 1789482184 1
-1 1789482189 0
+1 1789482189 1
-1 1789482195 0
+1 1789482195 1
-1 1789482196 0
-1 1789482196 0
+1 1789482197 1
+1 1789482197 1
-1 1789482208 0
+1 1789482208 1
-1 1789482213 0
+1 1789482213 1
-1 1789482234 0
+1 1789482234 1
-1 1789482245 0
+1 1789482245 1
-1 1789482251 0
+1 1789482251 1
-1 1789482280 0
+1 1789482280 1
-1 1789482284 0
+1 1789482284 1
-1 1789482285 0
+1 1789482285 1
-1 1789482296 0
+1 1789482296 1
-1 1789482301 0
+1 1789482301 1
-1 1789482333 0
+1 1789482333 1
-1 1789482344 0
+1 1789482344 1
-1 1789482346 0
+1 1789482346 1
-1 1789482355 0
+1 1789482355 1
-1 1789482376 0
+1 1789482376 1
-1 1789482389 0
-1 1789482389 0
+1 1789482389 1
+1 1789482389 1
-1 1789482403 0
+1 1789482403 1
-1 1789482418 0
+1 1789482418 1
-1 1789482459 0
+1 1789482459 1
-1 1789482463 0
-1 1789482463 0
+1 1789482463 1
+1 1789482464 1
-1 1789482481 0
+1 1789482481 1
-1 1789482499 0
+1 1789482499 1
-1 1789482504 0
+1 1789482504 1
-1 1789482516 0
+1 1789482517 1
-1 1789482543 0
+1 1789482543 1
-1 1789482558 0
+1 1789482558 1
-1 1789482591 0
+1 1789482591 1
-1 1789482614 0
+1 1789482614 1
-1 1789482640 0
+1 1789482640 1
-1 1789482654 0
+1 1789482654 1
-1 1789482677 0
+1 1789482677 1
-1 1789482696 0
+1 1789482696 1
-1 1789482720 0
+1 1789482720 1
-1 1789482740 0
+1 1789482741 1
-1 1789482839 0
+1 1789482839 1
-1 1789482851 0
+1 1789482851 1
-1 1789483196 0
+1 1789483196 1
-1 1789483198 0
+1 1789483198 1
-1 1789483212 0
+1 1789483212 1
-1 1789483251 0
+1 1789483251 1
-1 1789483460 0
+1 1789483461 1
-1 1789483671 0
+1 1789483671 1
-1 1789483724 0
+1 1789483724 1
-1 1789483813 0
+1 1789483813 1
-1 1789483898 0
+1 1789483898 1
-1 1789484024 0
+1 1789484024 1
-1 1789484049 0
+1 1789484049 1
-1 1789484202 0
+1 1789484202 1
-1 1789484346 0
+1 1789484346 1
-1 1789484362 0
+1 1789484362 1
-1 1789484394 0
+1 1789484394 1
-1 1789484402 0
+1 1789484402 1
-1 1789484429 0
+1 1789484429 1
-1 1789484784 0
+1 1789484784 1
-1 1789484799 0
+1 1789484799 1
-1 1789484848 0
+1 1789484848 1
-1 1789484858 0
+1 1789484858 1
-1 1789484989 0
+1 1789484989 1
-1 1789485011 0
+1 1789485011 1
-1 1789485137 0
+1 1789485137 1
-1 1789485148 0
+1 1789485148 1
-1 1789485199 0
+1 1789485199 1
-1 1789485275 0
+1 1789485275 1
-1 1789485307 0
+1 1789485307 1
-1 1789485391 0
+1 1789485391 1
-1 1789485521 0
+1 1789485521 1
-1 1789485534 0
+1 1789485534 1
-1 1789485623 0
+1 1789485623 1
-1 1789485644 0
+1 1789485644 1
-1 1789485699 0
+1 1789485699 1
-1 1789485777 0
+1 1789485777 1
-1 1789485796 0
+1 1789485796 1
-1 1789485819 0
+1 1789485819 1
-1 1789485890 0
+1 1789485890 1
-1 1789485910 0
+1 1789485910 1
-1 1789485915 0
+1 1789485915 1
-1 1789485932 0
+1 1789485932 1
-1 1789485965 0
+1 1789485965 1
-1 1789485993 0
+1 1789485993 1
-1 1789486025 0
+1 1789486025 1
-1 1789486173 0
+1 1789486173 1
-1 1789486267 0
+1 1789486267 1
-1 1789486284 0
+1 1789486284 1
-1 1789486319 0
+1 1789486319 1
-1 1789486324 0
+1 1789486324 1
-1 1789486451 0
+1 1789486451 1
-1 1789486476 0
+1 1789486476 1
-1 1789486511 0
+1 1789486511 1
-1 1789486521 0
+1 1789486521 1
-1 1789486522 0
+1 1789486522 1
-1 1789486532 0
+1 1789486532 1
-1 1789486558 0
+1 1789486558 1
-1 1789486573 0
+1 1789486573 1
-1 1789486616 0
+1 1789486616 1
-1 1789486678 0
+1 1789486678 1
-1 1789486720 0
+1 1789486720 1
-1 1789486774 0
+1 1789486774 1
-1 1789486782 0
+1 1789486782 1
-1 1789486785 0
+1 1789486785 1
-1 1789486792 0
+1 1789486792 1
-1 1789486847 0
+1 1789486847 1
-1 1789486920 0
+1 1789486920 1
