+1 1789081803 1
+1 1789081803 1
+1 1789081803 1
+1 1789081803 1
-1 1789082445 0
+1 1789082445 1
-1 1789082499 0
+1 1789082500 1
-1 1789082544 0
+1 1789082544 1
-1 1789082554 0
+1 1789082555 1
-1 1789082592 0
+1 1789082592 1
-1 1789082596 0
+1 1789082596 1
-1 1789082740 0
+1 1789082740 1
-1 1789082761 0
+1 1789082761 1
-1 1789082979 0
+1 1789082979 1
-1 1789082995 0
+1 1789082995 1
-1 1789083090 0
+1 1789083090 1
-1 1789083107 0
+1 1789083107 1
-1 1789083193 0
+1 1789083193 1
-1 1789083203 0
+1 1789083203 1
-1 1789083465 0
+1 1789083465 1
-1 1789083506 0
+1 1789083506 1
